267666
264462
177212
397057
213644
289790
241123
210330
581343
816652
110537
190153
198200
111163
38893
414581
11297
149937
151397
482719
36995
209306
320570
103323
239553
68684
367914
26605
108226
137270
2965
111051
423763
813886
193943
309892
84411
171896
160132
94430
48896
54269
238843
421911
8764
200037
51412
123191
260614
155981
139328
589762
723084
65954
167528
107320
445860
558568
102896
84929
62804
154409
549585
262993
20970
440479
25587
179262
765750
375579
515043
32004
72716
185340
171895
508258
238853
237125
8917
73525
138961
232730
83196
35525
21151
69915
592658
181401
169479
454725
314042
96270
238619
44859
196013
14484
439561
687910
161911
765514
10424
139491
61401
33801
173152
187088
170015
307677
157620
92791
85874
544284
314160
149810
201200
340232
339120
139987
38115
50638
297786
92753
353838
77987
99252
73216
53961
120348
72170
64950
5079
61049
333421
215356
266132
6134
99739
12301
248122
89197
11207
716348
226109
177088
197192
112646
59788
32915
10055
472623
116486
200089
123616
317515
23068
393529
212649
443678
241008
228228
36477
293702
12969
182069
83440
344397
48826
118484
211824
414643
148404
84091
140973
46010
389257
92747
65130
309175
22608
12611
13915
114567
14657
544349
263123
619271
341593
385817
138570
168671
55071
90924
492855
27878
306741
652353
132686
710379
168855
580476
25026
280765
536784
341534
81104
175568
90002
38869
306197
490096
2415
107518
52763
66223
480957
13725
108268
216506
390886
258407
273524
299844
323355
135434
42252
219181
9497
251157
92711
484042
106203
247264
5723
235739
193755
705208
189079
130043
153082
121650
767700
5445
183400
62048
188553
712027
649456
200587
136149
737630
34516
350555
148165
236534
109512
198446
76722
493736
90115
205082
206986
216067
356899
495881
5443
19331
213972
82959
214152
254063
150767
727643
16350
191388
3279
437801
15422
232820
335474
214335
65703
55122
341581
166144
80750
402090
33081
488816
423531
688994
10605
248199
314764
44987
144459
117019
141507
374902
473375
58456
209424
127048
454331
285163
17651
59263
153195
26609
51112
572384
269964
444388
193264
177513
246686
16364
190125
82314
217612
295783
260537
51266
102958
544614
122339
25977
328952
26310
126340
230110
324575
166751
220278
66799
115156
164531
577955
478300
105070
147449
80967
94432
229229
242976
112858
128675
13983
39376
8098
5925
170212
96935
733020
65429
478615
190809
693741
29417
185773
251451
157715
119976
115208
175748
146834
76637
167996
391963
157551
54540
301952
191582
508879
108559
115434
139952
276803
103708
45009
13211
147707
438768
46077
69248
236812
316155
207061
23272
204327
582019
712204
164912
92752
783467
25853
13678
7896
104209
206288
100332
6432
91789
117749
258661
122606
111028
345660
170385
22093
133637
220078
70566
406167
765624
259112
326357
139729
71490
230375
81707
136178
116096
381461
683950
692012
281244
128809
59525
281867
99997
160523
303707
138864
48219
299238
31538
565383
169191
549804
74513
34632
212229
78023
122926
178220
149797
418321
144078
74443
482965
49399
41847
253127
488674
113956
63349
273691
45547
388906
115001
483846
519719
318203
926
187252
221895
36741
275223
76066
337203
177522
150583
716319
137432
171433
265919
153931
323545
692180
202958
44885
321526
201524
40626
262040
232083
363240
340541
364009
406181
547523
210334
119171
32207
332068
209209
360207
6130
125158
157781
31515
200438
118786
35947
130598
180189
12718
53942
104370
49075
103716
160638
199947
719108
138001
189532
89027
83910
222723
384751
58744
40231
326472
200860
312419
10464
121960
2610
94766
3091
57610
532110
462841
62855
54461
288946
53320
524372
222438
306519
144619
144067
20067
100517
482196
13641
36997
100093
386684
274940
66897
335333
344307
172785
362814
460260
80701
278501
77979
275352
260402
214993
96740
7869
497613
52296
150559
358178
462066
167726
581932
353914
278622
154008
48664
30442
307152
587022
22373
277963
192541
479052
90698
271664
170249
379427
127249
263319
81425
138323
297315
57672
333281
45515
410085
145378
181852
261560
98607
329496
666446
261723
93133
762679
457763
293489
178183
171208
179165
381453
299305
130698
4018
219863
16856
369571
690897
283938
325791
314237
70229
281497
63425
102037
245223
47274
3545
12248
15501
68297
726947
234939
336447
545537
140928
396898
492857
118394
41102
212926
296213
175783
120329
540797
22771
2315
340781
415755
358748
91857
64014
592856
515907
162789
233064
41227
76817
412694
22089
166435
356911
162622
205612
5764
143792
480064
689122
412713
127252
347100
404299
170470
4132
123808
440195
135321
225318
69362
145799
414486
170785
218027
220910
395844
58431
103715
759493
209749
42429
25384
241735
289242
234701
298200
539093
25735
310645
131561
453052
327062
96293
194063
658865
230163
31744
129092
200048
193625
42339
482110
328965
925
783435
476199
819598
502762
242794
7248
45064
72036
271690
5762
181049
148918
44775
23302
37696
17244
204645
114487
194643
89732
343480
89296
683900
534291
34903
15420
46751
302591
76219
249504
38940
138933
288481
230916
97182
50840
250861
311590
540721
391279
346800
368710
327171
295308
351232
280714
90233
124904
259058
588478
305056
200025
76845
568773
223476
331644
669862
815919
493983
463930
75477
44088
235515
59189
139680
14145
147785
272108
347478
539965
140399
56390
268603
27058
399857
619673
537929
415170
586089
422153
183356
39586
24753
60769
93876
115224
3690
58270
92967
184301
37025
198384
271014
321428
221048
34077
546775
197590
736461
7407
416279
662636
219190
113112
114435
592860
128616
121391
291690
154545
123074
165848
535014
238375
301083
182670
45979
113740
329924
288447
71526
328222
182111
218142
98754
64079
160274
261191
413513
66526
293433
288881
174023
38053
547794
274101
158926
116397
105413
183757
113815
82772
91566
167102
114483
165036
527336
381208
206201
168507
119047
143453
400745
337889
50409
757919
338763
203831
116769
805686
31060
204151
168547
340461
5656
327415
98515
120437
231002
76465
259749
306221
124124
91678
727652
89087
100938
448296
128556
115610
23454
60466
211398
61310
357303
112666
210861
769864
37660
195160
148528
186402
217324
370643
442387
513871
104465
223278
638930
775791
49286
184072
29094
78311
501884
496986
715227
178840
156135
1084
43620
73866
395549
217569
223558
219724
457650
138969
62581
158711
789781
565991
372865
146596
212938
227324
50538
523116
799509
375946
373542
121088
157159
362958
42537
256623
419808
251422
352051
520608
332814
173543
131254
73523
228254
132286
167613
567351
70019
47595
245724
3490
198119
194976
162682
483761
169318
199598
102005
264487
175584
232527
254812
213271
4790
249107
104259
124279
46937
22923
4042
216144
513296
51643
232737
148669
137699
112198
167716
134838
449197
319966
102978
129543
132484
420700
127457
25464
574816
511803
534488
216658
224660
167971
40675
350818
43662
3685
245314
275713
138330
253336
769781
397323
354369
209090
526729
173220
226648
154603
61822
149372
25893
222859
232255
293439
37284
99631
239098
257114
246145
30748
275921
76354
465055
38467
20151
245214
258435
61692
74543
449812
128756
502292
180899
58778
155035
384102
140878
152106
374528
347990
155496
466390
300869
59434
228438
555493
19487
105208
378960
295007
147874
170336
85641
357506
775732
258424
154376
157525
353882
438844
39296
107666
101902
112692
248252
129219
275381
210067
126779
225367
17530
256457
565649
111822
90403
12074
18990
420297
14934
197516
105705
47909
53485
35409
219273
646969
335358
335185
211338
416698
554548
82578
159333
47842
191288
13907
16559
338585
599148
16253
317142
34679
220092
92293
79718
160171
178055
296786
280391
275878
304979
319737
57530
48324
215283
271592
261466
199881
284784
10602
299653
333315
288746
205980
201324
588414
355129
191064
16107
212515
27044
367495
123717
74577
4592
155287
70163
338838
359738
254025
40858
61920
73207
204137
16679
93139
115411
341377
136192
273406
43115
37792
165945
244505
204306
162418
148838
514277
258641
55601
168879
325280
258860
397896
189073
120612
233720
329534
558696
90361
209099
184955
27963
535578
97166
105113
293560
236420
731414
374825
162258
748830
457220
201225
116741
548219
109828
25250
72138
197257
281742
219922
19947
420717
25331
58733
149080
167513
128842
557307
4006
3989
7972
259331
5025
108312
416421
298665
128873
286117
355445
143996
292043
125244
99168
87971
212813
146954
196730
300124
616013
173995
553765
254023
51639
109961
90167
1164
54168
243563
700405
245257
63480
228233
96680
121525
314103
66892
765684
111951
251221
110991
182933
36684
63081
296426
370687
298196
218543
85154
59958
314252
127761
241470
329302
76075
229832
366955
272673
38958
283620
350860
391858
236218
13269
257261
305227
268851
13252
346088
485111
287656
39265
252671
266691
51111
196184
252679
249354
513468
95569
154380
160864
201986
93771
1177
36256
106917
12058
329692
80543
254808
4308
49494
285439
419446
76904
258111
250937
53355
158515
201889
775588
102235
137031
80443
288473
197734
232976
587441
126281
282013
180974
157688
80499
246434
96943
15221
769843
126316
26582
155352
50782
180961
91710
41226
71211
105910
14043
184580
493666
129009
275226
108287
335343
54951
352284
89892
127117
289265
476106
44596
498496
336312
278768
357137
314570
120533
133015
174516
227770
371995
87848
132554
357453
53308
348217
94984
275018
391561
215830
197887
527682
653405
262641
120681
128946
146542
718074
211584
148028
21643
166595
166940
84451
472110
192169
76331
259699
475092
764739
293607
342455
72266
797815
310423
309380
210571
152934
172037
80368
132629
113560
254002
819992
165005
250715
170452
13318
311554
177861
299535
519403
123202
306301
234461
346235
9505
7020
94385
130441
148414
199019
242137
90338
210587
10110
583540
672863
204042
703445
78515
895
48775
259418
331282
25748
50866
710402
473332
165194
232470
207578
60121
262030
145155
302095
706931
243975
138896
5606
39523
82094
218711
101571
192484
506864
144799
31027
88381
101833
80649
372896
165094
56745
96357
194784
94215
133012
340111
130618
61838
110811
184398
157283
60794
163039
210009
146227
360709
89166
307757
69540
108477
220003
39864
266478
227337
579876
40849
117028
258802
684266
52934
259449
174692
113712
51122
18518
258760
575058
142558
493416
108231
165127
95561
35676
240127
477056
306910
72013
145226
91220
165857
72304
178921
230604
373196
28981
362377
57230
323353
312479
300157
170897
406497
199539
119507
5437
36974
134462
186622
374064
200121
175858
275468
230437
236715
351285
337767
66094
73783
77677
34889
138855
76858
406301
273947
95334
248505
272503
138608
227569
311257
132681
74931
279390
232573
263302
44810
504378
323074
140445
92535
340951
161767
237800
84322
150743
206995
340637
101625
312047
334400
145449
198641
213526
226472
122097
26160
18623
55356
172005
83538
194730
271675
5023
21936
365668
38603
272897
370159
122236
190984
38349
121834
99383
148765
326809
210271
8508
11445
211053
263262
141676
335773
386863
19102
18042
586536
127152
189511
169991
195251
162586
258853
40667
14770
228039
411218
94855
207335
244504
362451
215574
76256
233685
51048
228915
75053
141749
550087
391530
403074
283838
234455
276411
69195
238730
39195
281822
232553
319460
240531
212138
528541
344199
114987
571177
372275
313022
621730
552908
99899
324942
529464
222193
209469
244678
677502
26845
177193
45486
128955
356193
370140
32025
75550
238188
187321
77209
726363
222615
135387
15500
266214
67007
4937
433873
45200
131435
44449
270830
340243
2100
68147
145571
202169
46459
155551
252586
149433
140788
2608
131988
454409
239826
512163
306324
97149
83858
47846
83782
441901
87927
517105
259723
268518
295725
174942
165055
164554
385149
1391
193888
223747
262826
29758
518018
60392
135628
168308
529345
329786
302482
235987
10348
478370
230621
225831
283207
118916
17054
85404
337104
333985
34444
55358
108075
123824
72926
268128
62436
223831
445014
24833
143012
124323
79711
399532
239779
641262
75494
287000
376113
359323
70091
166070
503973
578945
285178
151713
161832
228778
638566
2357
142995
373847
281471
30292
67830
37371
122489
209838
159124
490
78712
209001
81732
5189
104030
144956
457324
263727
73340
124347
227320
77205
77655
233143
149344
161004
348416
360577
179593
98617
129666
43038
317760
383246
140031
70638
713683
51345
305981
241084
69594
534544
227616
386895
453961
163637
184858
82053
502795
17022
240564
350704
214679
576250
324036
100930
106507
568408
272188
180019
215533
603034
45105
679987
236431
120471
343959
421341
508389
124815
85915
32446
424164
282675
157314
76618
3234
5967
17704
623281
113703
219493
532112
24178
204992
310779
171653
81813
38337
214079
329901
192330
91602
155359
768721
217530
358241
4978
282978
189229
49575
300422
523739
720302
368047
105067
398025
3837
250947
90125
122007
132813
515887
269815
32342
171875
255106
190261
289269
392727
711470
91869
329878
482933
325540
269285
361892
766596
228971
89467
510048
32359
538544
194360
30537
295220
175626
255375
205916
158287
166207
317861
747684
360537
210799
26718
144485
876
761035
166717
562264
123957
10354
101104
12989
246214
486128
331299
99528
23747
131995
376354
589177
297909
12316
125486
210033
129939
337860
216170
214109
546219
59144
156421
382979
182150
208795
181732
100719
170292
407191
151469
299722
104981
68606
600962
149174
150417
96525
123447
262133
97917
230912
380852
7588
224294
16574
115997
23229
31011
110576
177929
61252
121940
159620
54507
454806
641266
111719
56449
350358
139558
60694
104294
632708
141406
1748
101675
406905
504131
216720
309806
75792
208391
39062
318527
68979
213673
54222
39534
441512
223646
340118
76731
545357
191800
212596
359284
305487
48297
104874
187218
329921
361026
116147
96742
109379
54952
118944
209546
178100
118875
123518
4785
238581
43061
76788
55344
197665
324670
486074
51138
579407
346091
368173
193622
58153
446205
272067
214377
518453
124987
259227
134819
472264
387487
72729
490008
332231
40449
69211
45813
485252
79602
342865
538037
66914
156126
16246
144631
318343
50867
175944
53217
151473
374773
781605
838
321907
723071
546701
78997
161080
64228
18461
143864
47936
464918
118163
210347
324148
101235
30012
184751
142940
142849
243829
405760
34710
220535
76073
345902
72830
243585
803399
615648
181339
198102
78541
156926
367915
136798
229083
137361
15579
13702
169392
196868
366787
5708
621844
287843
106904
62482
155594
76700
200792
40704
139943
249723
144093
204552
415323
383969
138749
86512
109290
301677
157355
21067
461757
126971
243400
674170
381838
234154
224850
80949
104332
281269
51124
501026
350968
237761
15302
59445
71669
45517
93944
154363
172970
70952
212954
588118
275243
119218
331989
148714
221403
125329
5334
1603
99314
560501
43012
497639
185285
274720
217328
294373
210027
274945
92613
502557
650338
211069
62351
334130
155830
130759
18015
179489
264738
22723
209186
383999
67640
125464
692632
340050
479481
103364
306078
55050
146108
297480
15878
256831
183560
21802
45067
16508
220190
4789
48788
169720
316647
44776
111365
337272
207291
251994
709321
28290
142623
653693
230642
271779
173849
61312
440860
318375
199421
692740
112314
39201
54041
263256
41250
108331
237226
4786
161017
424836
323022
194828
519568
163128
171055
152817
25525
59362
9784
81028
139822
742380
142920
21416
65128
575321
423297
224074
340814
272902
171607
110876
129536
128941
116718
73174
156053
159304
66390
212995
84309
74455
511711
152819
373565
496908
300392
210162
601618
465747
190706
174049
214728
355012
221320
144445
497811
104280
166566
364808
270094
552237
345977
272901
477072
35457
196228
372783
45978
61656
210131
357481
5351
296545
17358
503688
142835
376861
548889
18469
87603
352025
250886
269396
4787
333345
171188
180239
256933
376153
53997
287496
168516
22837
45573
346349
67011
97915
205688
84383
160070
84365
208002
148815
26597
200060
2908
37003
237386
189889
146024
149799
299732
297185
641225
146852
366331
14316
127272
130764
90831
424908
240538
125037
364411
46797
341407
20588
9029
209395
133866
565602
56607
67755
185990
88430
70867
572735
41531
328524
284472
93570
36340
182373
95056
64038
490569
125036
36641
320052
72111
65141
552088
30171
102996
353323
510715
158328
201452
73528
70230
33341
169104
57091
144115
686426
120289
13268
328856
33485
631530
133245
545881
142917
189486
559960
209227
63127
312439
153779
705150
296709
279273
290635
543149
85905
105124
140183
253928
67253
120472
54585
359288
160890
32479
134776
173288
138846
29147
115303
273572
137130
763924
332236
176414
236495
165482
231015
39998
369017
25586
540673
82567
15914
105951
495071
288978
396427
223559
9330
29555
265492
198658
149856
228551
677263
15137
118126
563356
29819
478897
117020
86945
319629
511528
66574
216499
368478
242711
192081
204285
140016
189987
662638
53
48073
137997
260920
222642
194074
316019
354677
401969
199560
394248
333377
180068
35994
50617
100057
396068
23199
18458
88933
665556
147104
787279
106222
171599
9791
34599
170732
58455
350504
233179
326257
271948
240051
217683
68708
206954
204679
61620
148799
217449
415523
229164
565344
55453
322779
566709
611153
317173
99604
206284
29455
199719
7934
45012
444839
87840
23576
164659
151778
155768
704859
349946
141573
11003
217926
13228
70738
583326
554919
42335
5030
54981
21925
242813
317751
70768
737189
274528
298572
71511
170955
166134
272574
326580
5052
101156
397425
17278
110848
715017
139177
172594
332024
7509
93961
297526
70601
111683
291989
277065
228946
89644
519165
101297
554287
159768
166148
35037
10340
120442
138937
226696
197383
260943
154414
384450
97180
41711
278771
106882
92244
18966
22489
199856
725951
