36995
179262
297786
333421
309175
341593
175568
188553
216067
166144
147449
112858
258661
259112
230375
116096
381461
281244
138864
122926
265919
202958
364009
118786
104370
200860
344307
278501
7869
271664
127249
138323
261560
329496
178183
314237
281497
22089
225318
103715
25735
44775
311590
219190
261191
113815
168507
50409
115610
78311
73866
46937
239098
76354
53485
280391
57530
205980
201324
355129
123717
329534
90361
243563
272673
391858
287656
39265
252671
266691
36256
275226
311554
123202
78515
60121
138896
39523
174692
165127
306910
312047
55356
386863
356193
306324
83782
295725
55358
490
263727
348416
383246
386895
324036
282978
210799
123957
101104
208795
123447
230912
224294
31011
76731
191800
359284
96742
197665
66914
161080
243585
76700
139943
249723
172970
275243
221403
383999
55050
183560
44776
263256
81028
139822
190706
144445
250886
67011
160070
26597
90831
30171
353323
33341
189486
85905
105124
359288
173288
288978
316019
61620
23576
155768
274528
272574
111683
166148
226696
