177212
239553
26605
102896
237125
181401
314160
340232
38115
353838
11207
92747
90002
66223
216506
254063
214335
269964
230110
324575
39376
191582
108559
316155
299238
144078
49399
221895
360207
138001
94766
3091
362814
214993
353914
81425
57672
181852
261723
296213
69362
327062
31744
280714
124904
115224
321428
274101
61310
148528
158711
372865
373542
129543
253336
99631
246145
347990
228438
35409
16107
43115
233720
105113
201225
128873
54168
305227
93771
71211
352284
357137
371995
53308
215830
84451
7020
210587
50866
302095
88381
101833
56745
61838
89166
220003
95561
374064
200121
34889
340951
161767
190984
263262
18042
127152
234455
344199
2100
145571
202169
302482
70091
281471
161004
43038
272188
45105
310779
289269
205916
876
99528
337860
68606
213673
305487
104874
329921
116147
118944
178100
374773
838
118163
142849
76073
78541
340050
194828
171055
364808
208002
364411
341407
36340
57091
32479
216499
137997
354677
171599
34599
45012
217926
332024
10340
