241123
111163
482719
367914
51412
65954
515043
454725
149810
472623
414643
90924
108268
106203
136149
34516
236534
493736
55122
402090
454331
260537
544614
126340
164531
175748
391963
71490
149797
483846
340541
547523
125158
62855
53320
482196
274940
460260
260402
150559
462066
90698
333281
381453
70229
336447
440195
539093
482110
89732
534291
346800
272108
539965
27058
537929
183356
39586
184301
113112
291690
113740
66526
259749
89087
60466
357303
513871
501884
565991
567351
216144
449197
420700
222859
295007
126779
17530
554548
13907
338585
261466
258641
397896
209099
457220
25331
298665
314103
76075
257261
485111
49494
288473
26582
54951
336312
293607
242137
372896
69540
108477
493416
175858
194730
21936
370159
19102
391530
283838
433873
17054
445014
503973
104030
124347
568408
105067
250947
331299
546219
299722
380852
454806
54952
486074
472264
342865
181339
367915
301677
21067
251994
440860
552237
210131
201452
543149
253928
495071
149856
29819
86945
511528
189987
260920
333377
566709
297526
35037
