264462
816652
813886
375579
508258
592658
53961
120348
215356
36477
293702
544349
619271
536784
2415
712027
356899
727643
16350
232820
488816
193264
693741
508879
712204
164912
783467
345660
683950
692012
281867
178220
41847
323545
199947
581932
278622
307152
666446
762679
690897
726947
545537
540797
415755
356911
170785
42429
289242
658865
783435
819598
271690
17244
683900
588478
815919
235515
619673
586089
60769
271014
546775
736461
662636
182111
413513
547794
165036
527336
805686
168547
727652
775791
789781
799509
520608
132286
102978
574816
465055
502292
775732
105705
646969
335185
416698
191288
599148
284784
588414
165945
514277
535578
548219
87971
212813
616013
553765
127761
95569
154380
250937
775588
587441
769843
493666
129009
335343
289265
476106
314570
718074
764739
797815
819992
346235
703445
165094
130618
307757
240127
72013
165857
178921
311257
504378
323074
26160
122236
141676
276411
281822
571177
621730
677502
726363
340243
512163
29758
235987
118916
638566
713683
576250
603034
236431
623281
219493
329901
358241
398025
515887
711470
30537
295220
747684
360537
486128
600962
632708
208391
781605
723071
546701
220535
803399
615648
366787
621844
674170
381838
148714
560501
142623
653693
84309
601618
355012
497811
345977
97915
641225
93570
182373
102996
510715
631530
165482
662638
401969
35994
787279
217683
415523
611153
737189
326580
397425
715017
172594
97180
