198200
108226
423763
421911
260614
139328
167528
549585
73525
61401
173152
92791
92753
64950
61049
200089
443678
148404
114567
306197
480957
273524
135434
484042
153082
350555
495881
341581
423531
10605
127048
572384
217612
51266
478300
229229
438768
69248
582019
275223
201524
363240
406181
332068
49075
306519
497613
167726
15501
492857
41102
340781
358748
64014
515907
480064
414486
395844
453052
568773
463930
59189
399857
415170
422153
416279
165848
301083
167102
119047
400745
338763
31060
448296
186402
217324
184072
29094
496986
1084
523116
419808
332814
232527
232737
534488
245314
397323
61692
378960
220092
178055
299653
333315
367495
359738
254025
293560
72138
557307
355445
292043
63081
59958
329692
180974
246434
184580
227770
348217
275018
262641
128946
306301
331282
473332
579876
117028
28981
365668
335773
586536
228039
76256
528541
26845
270830
2608
259723
1391
230621
62436
399532
578945
67830
317760
51345
184858
502795
215533
424164
523739
132813
269815
228971
12989
131995
376354
407191
318527
441512
187218
209546
55344
368173
214377
518453
490008
538037
175944
156926
415323
86512
157355
461757
588118
497639
210027
211069
125464
318375
424836
511711
152819
496908
465747
477072
196228
357481
376861
548889
2908
299732
490569
320052
158328
545881
273572
137130
540673
265492
563356
147104
68708
199719
583326
554919
317751
89644
554287
