289790
38893
193943
69915
196013
157620
77987
99252
266132
23068
46010
258407
62048
109512
82959
44987
66799
185773
157715
115208
45009
46077
23272
326357
160638
83910
100093
77979
22771
234701
181049
34903
249504
97182
327171
295308
223476
56390
37025
329924
328222
38053
158926
337889
340461
212938
167613
25464
257114
275921
258435
107666
101902
111822
335358
160171
275878
37792
148838
108312
125244
146954
251221
314252
13269
268851
252679
160864
106917
80499
192169
310423
132629
90338
165194
192484
157283
266478
36974
275468
140445
150743
122097
18623
99383
11445
94855
75053
319460
135387
266214
46459
140788
131988
262826
283207
209838
159124
305981
32446
32342
246214
125486
115997
110576
159620
1748
75792
54222
76788
50867
64228
142940
72830
137361
5708
200792
40704
144093
119218
334130
256831
111365
108331
152817
142920
66390
104280
35457
333345
84365
146852
125037
209395
328524
125036
169104
13268
142917
279273
290635
332236
223559
199560
206284
151778
11003
199856
