107320
83196
169479
201200
50638
118484
13915
14657
90115
82314
13211
6432
91789
22093
81707
169191
45547
177522
137432
153931
130598
103716
57610
100517
13641
145378
162789
76817
58431
45064
24753
91566
124124
23454
178840
70019
47595
102005
175584
22923
167971
40675
138330
155496
120612
184955
116741
25250
109961
110991
157688
91710
166940
72266
177861
60794
18518
73783
76858
172005
75550
47846
79711
209001
81732
73340
179593
163637
100930
85915
81813
91602
129939
100719
170292
97917
54507
139558
68979
193622
134819
78997
30012
184751
155594
204552
130759
22723
112314
110876
159304
166566
72111
65141
117020
100057
29455
42335
5052
