209306
84411
94430
54269
154409
25587
161911
5079
248122
116486
83440
211824
107518
193755
183400
76722
17651
59263
170212
190809
146834
115434
13678
7896
117749
122606
111028
160523
200438
10464
80701
96740
93133
91857
41227
127252
129092
42339
138933
90233
259058
3690
154545
98754
160274
98515
210861
156135
138969
62581
73523
264487
51643
112198
152106
147874
112692
225367
219273
34679
212515
27044
115411
197257
219922
173995
85154
201986
76904
50782
180961
41226
14043
108287
127117
133015
21643
76331
165005
250715
170452
259418
82094
101571
133012
146227
113712
91220
74931
92535
206995
198641
210271
189511
195251
207335
51048
97149
83858
135628
143012
124323
30292
144956
120471
76618
113703
122007
171875
91869
26718
61252
39534
109379
118875
238581
124987
45813
79602
156126
47936
224850
93944
125329
99314
92613
103364
48788
207291
171607
142835
87603
84383
56607
67755
70867
64038
133245
54585
15914
50617
106222
233179
55453
87840
139177
138937
106882
