210330
171896
262993
171895
187088
339120
226109
10055
228228
22608
168671
299844
323355
189079
206986
213972
314764
295783
25977
8098
5925
157551
70566
187252
210334
144619
263319
63425
245223
212926
2315
347100
123808
310645
200048
72036
305056
92967
7407
45979
288447
71526
288881
116397
114483
120437
251422
228254
4042
134838
319966
275713
354369
293439
30748
38467
357506
157525
353882
39296
129219
16559
16253
79718
199881
273406
162258
281742
4006
3989
7972
259331
254023
228233
218543
254808
4308
285439
211584
166595
152934
48775
323353
119507
236715
337767
273947
272503
138608
263302
334400
272897
215574
69195
313022
15500
87927
268518
165055
164554
223747
329786
239779
151713
82053
17022
350704
343959
171653
3837
194360
255375
144485
166717
156421
151469
101675
39062
340118
43061
324670
272067
259227
16246
151473
18461
324148
101235
350968
5334
62351
179489
264738
28290
323022
272902
74455
272901
45978
352025
297185
140183
39998
18458
229164
7934
101156
70601
228946
278771
