11297
320570
68684
2965
111051
309892
238843
32004
72716
8917
138961
307677
139987
12301
89197
344397
335474
80750
248199
141507
153195
177513
242976
13983
29417
54540
139952
276803
103708
34632
253127
321526
12718
40231
121960
54461
358178
277963
98607
179165
102037
5764
220910
131561
328965
194643
343480
302591
331644
147785
221048
218142
293433
82772
143453
203831
204151
327415
195160
370643
352051
169318
254812
132484
61822
300869
248252
82578
271592
338838
341377
244505
168879
27963
63480
296426
329302
232976
282013
105910
89892
132554
299535
199019
218711
96357
194784
94215
163039
52934
259449
312479
300157
134462
77677
138855
44810
226472
83538
271675
38349
121834
148765
326809
372275
324942
44449
333985
287000
228778
373847
233143
98617
129666
140031
106507
124815
175626
317861
262133
56449
350358
216720
346091
332231
40449
144631
53217
59445
274945
220190
169720
337272
271779
65128
340814
129536
212995
214728
61656
269396
369017
140016
23199
99604
349946
242813
93961
22489
