267666
397057
190153
123191
84929
72170
99739
280765
341534
251157
247264
19331
150767
33081
246686
102958
328952
128675
167996
236812
207061
92752
25853
113956
318203
262040
53942
312419
288946
386684
172785
52296
22373
170249
369571
283938
170470
4132
135321
25384
288481
268603
123074
64079
231002
76465
219724
375946
173543
199598
249107
25893
245214
74543
105208
154376
12074
14934
47842
317142
92293
296786
70163
325280
236420
374825
109828
128842
286117
99168
300124
245257
346088
137031
126281
96943
15221
174516
94984
309380
80368
148414
895
145155
39864
230604
248505
227569
132681
340637
213526
40667
411218
233685
403074
240531
177193
45486
187321
222615
155551
193888
225831
85404
24833
359323
161832
149344
3234
24178
300422
90125
255106
392727
158287
166207
297909
12316
214109
60694
123518
321907
210347
15579
13702
138749
109290
126971
237761
71669
212954
155830
316647
199421
270094
296545
376153
287496
346349
41531
328856
105951
198658
326257
317173
70768
298572
7509
154414
41711
