110537
8764
62804
20970
35525
10424
32915
48826
140973
12611
27878
9497
148165
191388
3279
117019
80967
94432
65429
119976
104209
31538
78023
32207
157781
189532
58744
2610
144067
66897
48664
30442
130698
219863
16856
3545
140928
241735
193625
140399
197590
182670
183757
5656
211398
43620
50538
42537
131254
162682
104259
224660
149372
85641
215283
10602
40858
73207
204137
204306
189073
167513
5025
51639
121525
236218
196184
12058
53355
201889
102235
44596
120681
13318
234461
10110
204042
25748
243975
5606
40849
108231
145226
170897
199539
186622
230437
145449
5023
244504
39195
212138
99899
238188
68147
174942
60392
34444
223831
78712
77655
227616
240564
214079
4978
49575
23747
216170
181732
104981
16574
69211
136798
196868
234154
1603
209186
67640
173849
61312
39201
54041
161017
25525
9784
224074
174049
221320
18469
22837
205688
240538
9029
88430
95056
63127
67253
236495
82567
9330
29555
15137
242711
222642
194074
240051
217449
110848
101297
