213644
137270
155981
723084
765750
185340
687910
765514
33801
716348
182069
652353
710379
81104
5900
705208
767700
5445
649456
737630
205082
5443
688994
190125
122339
26310
115156
105070
733020
206288
100332
170385
133637
765624
136178
59525
99997
36741
716319
692180
6130
719108
45515
68297
118394
175783
166435
689122
759493
96293
148918
38940
200025
669862
14145
93876
128616
757919
769864
638930
49286
715227
198119
194976
213271
124279
167716
769781
209090
37284
170336
191064
74577
4592
93139
731414
748830
143996
700405
96680
765684
182933
38958
13252
653405
94385
672863
710402
207578
706931
110811
684266
35676
72304
57230
5437
101625
77209
67007
168308
72926
641262
2357
69594
679987
17704
192330
768721
720302
766596
89467
761035
149174
121940
641266
72729
169392
106904
104332
45517
650338
692632
21802
45067
709321
692740
41250
59362
742380
180239
45573
14316
46797
20588
185990
36641
686426
705150
115303
763924
176414
677263
192081
665556
148799
704859
170955
166134
197383
725951
