149937
151397
558568
440479
170015
85874
544284
123616
241008
12969
84091
389257
263123
385817
492855
306741
132686
490096
219181
214152
8508.jpg
65703
26609
16364
301952
204327
220078
303707
48219
488674
63349
273691
388906
44885
35947
326472
462841
222438
36997
479052
410085
299305
1.txt
396898
412713
298200
194063
925
114487
230916
391279
493983
535014
381208
206201
112666
223278
121088
256623
513296
511803
216658
3685
526729
173220
232255
128756
180899
140878
374528
555493
90403
420297
319737
288746
136192
58733
196730
298196
229832
513468
419446
158515
498496
391561
527682
148028
472110
9505
142558
477056
406497
8508
141749
550087
552908
131435
149433
454409
239826
385149
478370
75494
376113
166070
37371
457324
227320
77205
241084
421341
508389
204992
190261
482933
538544
177929
104294
406905
545357
48297
485252
318343
464918
80949
501026
15302
70952
185285
294373
479481
519568
21416
423297
116718
300392
17358
503688
171188
148815
37003
189889
127272
552088
312439
153779
296709
138846
231015
228551
66574
53
394248
9791
21925
120442
384450
