414581
48896
200037
445860
232730
314042
439561
197192
393529
55071
235739
200587
437801
15422
209424
285163
444388
76637
406167
128809
212229
74443
115001
76066
337203
232083
119171
180189
384751
20067
335333
379427
457763
171208
325791
12248
1.txt
162622
404299
218027
209749
230163
368710
351232
76845
75477
44088
58270
114435
121391
238375
100938
442387
395549
217569
457650
146596
227324
148669
127457
350818
43662
226648
449812
58778
384102
438844
256457
211338
159333
304979
48324
61920
258860
420717
149080
111951
36684
283620
350860
80543
80443
155352
278768
87848
357453
197887
342455
172037
113560
232470
262030
340111
184398
360709
227337
258760
373196
66094
406301
279390
84322
258853
14770
228915
222193
209469
32025
441901
337104
285178
5189
360577
282675
155359
269285
382979
182150
23229
111719
309806
223646
446205
387487
405760
229083
154363
331989
274720
18015
230642
237226
373565
372783
168516
130764
133866
70230
160890
29147
368478
204285
396068
350504
206954
204679
322779
54981
291989
277065
18966
