103323
160132
238853
21151
96270
139491
73216
6134
177088
112646
59788
212649
65130
168855
38869
52763
13725
92711
5723
198446
144459
58456
51112
220278
147707
139729
74513
926
150583
171433
40626
209209
31515
222723
192541
4018
47274
1.txt
234939
120329
233064
143792
145799
7248
23302
37696
204645
89296
46751
76219
50840
250861
139680
198384
34077
174023
105413
91678
37660
223558
157159
3490
4790
154603
20151
59434
210067
18990
197516
155287
16679
19947
66892
51111
1177
197734
126316
120533
146542
210571
254002
31027
80649
210009
51122
95334
38603
211053
169991
162586
232553
114987
244678
4937
252586
10348
108075
123824
122489
70638
214679
180019
5967
217530
189229
32359
10354
210033
150417
96525
7588
141406
4785
51138
58153
34710
62482
51124
43012
146108
15878
16508
4789
4786
163128
73174
156053
5351
4787
53997
200060
237386
146024
149799
73528
144115
209227
134776
25586
180068
88933
170732
58455
141573
13228
70738
5030
17278
159768
92244
