581343
589762
238619
44859
14484
317515
138570
580476
25026
390886
42252
130043
121650
374902
473375
166751
577955
96935
478615
251451
565383
549804
418321
482965
519719
89027
532110
524372
275352
154008
587022
297315
293489
1.txt
592856
412694
205612
476199
502762
242794
5762
15420
540721
347478
592860
116769
306221
128556
104465
362958
245724
483761
137699
155035
466390
19487
258424
275381
565649
47909
162418
55601
558696
97166
416421
90167
1164
370687
241470
366955
249354
258111
259699
475092
519403
130441
583540
506864
144799
258802
575058
362377
351285
232573
237800
362451
238730
529464
128955
370140
45200
517105
518018
529345
268128
142995
534544
453961
157314
532112
38337
368047
329878
325540
361892
510048
562264
589177
59144
504131
212596
361026
579407
143864
243829
345902
198102
287843
383969
243400
281269
217328
502557
306078
297480
575321
128941
210162
256933
366331
424908
565602
572735
284472
120289
33485
559960
120472
396427
118126
478897
319629
48073
271948
565344
444839
164659
71511
519165
260943
